# id	left	top	right	bottom	texture_id
[SPRITES]
#BACKGROUND
100001	0	242	257	287	21

#NUMERS
100010	77	30	84	37	21
100011	88	30	93	37	21
100012	97	30	104	37	21
100013	107	30	114	37	21
100014	117	30	124	37	21
100015	127	30	134	37	21
100016	137	30	144	37	21
100017	147	30	154	37	21
100018	157	30	164	37	21
100019	167	30	174	37	21

#PMETER ARROW
100021	64	162	71	169	21
#PMETER MAX
100022	73	162	88	169	21

#END GAME TEXT
100023	16	100	123	105	21
100024	0	119	139	124	21

#END GAME FRAME
#EMPTY
100025	160	159	183	186	21

#FLOWER
100026	208	159	231	186	21

#STAR
100027	232	159	255	186	21

#MUSHROOM
100028	184	159	207	186	21


# ani_id	sprite1_id	time1	sprite2_id	time2	...
[ANIMATIONS]
100022	100022	100	0	0

100025	100025	100	0	0
100026	100026	100	0	0
100027	100027	100	0	0
100028	100028	100	0	0
