# id	left	top	right	bottom	texture_id
[SPRITES]
#COIN EFFECT
30011	301	25	308	40	20
30012	310	25	317	40	20
30013	319	25	326	40	20
30014	328	25	335	40	20

#SCORE EFFECT
30021	60	89	73	96	21
30022	75	89	86	96	21
30023	90	89	101	96	21
30024	105	89	116	96	21
30025	120	89	134	96	21
30026	138	89	153	96	21
30027	157	89	172	96	21
30028	176	89	191	96	21

# ani_id	sprite1_id	time1	offX1	offY1	sprite2_id	time2	...
[ANIMATIONS]
#COIN EFFECT
30011	30011	85	0	0	30012	85	0	0	30013	85	0	0	30014	85	0	0

#SCORE EFFECT
30021	30021	100	0	0
30022	30022	100	0	0
30023	30023	100	0	0
30024	30024	100	0	0
30025	30025	100	0	0
30026	30026	100	0	0
30027	30027	100	0	0
30028	30028	100	0	0