# id	left	top	right	bottom	texture_id
[SPRITES]
#MUSHROOM
70011	171	120	186	135	11

70012	1	157	16	172	20
70013	18	157	33	172	20
70014	35	157	50	172	20

#STAR
70041	137	120	152	135	11

70042	1	193	16	208	20
70043	18	193	33	208	20
70044	35	193	50	208	20

#FLOWER
70051	154	120	169	135	11

70052	1	175	16	190	20
70053	18	175	33	190	20
70054	35	175	50	190	20

#LEAF
#LEFT
70021	154	137	169	152	11
#RIGHT
70022	171	103	186	118	11

#GREEN MUSHROOM
70031	137	137	152	152	11

# ani_id	sprite1_id	time1	sprite2_id	time2	...
[ANIMATIONS]
#MUSHROOM
70011	70012	100	0	0	70013	100	0	0	70014	100	0	0	70013	100	0	0

#STAR
70041	70042	100	0	0	70043	100	0	0	70044	100	0	0	70043	100	0	0

#FLOWER
70051	70052	100	0	0	70053	100	0	0	70054	100	0	0	70053	100	0	0