# id	left	top	right	bottom	texture_id
[SPRITES]
#----------------------------- SMALL ------------------------------
#IDLE RIGHT & LEFT
10011	217	77	228	104	0
10012	177	77	188	104	0

#WALK RIGHT
10041	217	77	228	104	0
10042	255	77	270	104	0

#WALK LEFT
10051	177	77	188	104	0
10052	135	77	150	104	0

#RUN RIGHT - NONE

#RUN MAX SPEED RIGHT
10101	215	157	230	184	0
10102	255	157	270	184	0

#RUN LEFT - NONE

#RUN MAX SPEED LEFT
10111	175	157	190	184	0
10112	135	157	150	184	0

#BRAKE RIGHT & LEFT
10061	216	117	229	144	0
10062	176	117	189	144	0

#JUMP RIGHT & LEFT
10021	335	77	350	104	0
10022	55	77	70	104	0

#JUMP MAX SPEED RIGHT & LEFT
10091	215	197	230	224	0
10092	175	197	190	224	0

#DIE
10031	15	197	30	224	0

#LEVEL UP RIGHT & LEFT
10421	376	77	389	104	0
10422	16	78	29	105	0

#IDLE SHELL RIGHT & LEFT
10441	336	157	349	184	0
10442	56	157	69	184	0

#WALK SHELL RIGHT & LEFT
10451	375	157	390	184	0
10452	15	157	30	184	0

#TURN SHELL
10461	375	117	390	144	0

#KICK SHELL RIGHT & LEFT
10471	255	117	270	144	0
10472	135	117	150	144	0

#----------------------------- BIG ------------------------------

#IDLE RIGHT & LEFT
10121	216	242	229	269	0
10122	176	242	189	269	0

#WALK RIGHT
10131	216	242	229	269	0
10132	255	242	270	269	0
10133	295	244	310	269	0

#WALK LEFT
10141	176	242	189	269	0
10142	135	242	150	269	0
10143	95	244	110	269	0

#RUN RIGHT (10131 - 10133)

#RUN LEFT (10141 - 10143)

#RUN MAX SPEED RIGHT
10171	212	322	231	349	0
10172	252	322	271	349	0
10173	292	324	311	349	0

#RUN MAX SPEED LEFT
10181	174	322	193	349	0
10182	134	322	153	349	0
10183	94	324	113	349	0

#JUMP RIGHT & LEFT
10191	335	244	350	269	0
10192	55	244	70	268	0

#JUMP MAX SPEED RIGHT & LEFT
10201	332	364	351	389	0
10202	54	364	73	389	0

#FALL RIGHT (10133)

#FALL LEFT (10143)

#SIT RIGHT & LEFT
10231	376	238	389	265	0
10232	16	238	29	265	0

#BRAKE RIGHT & LEFT
10241	215	283	230	310	0
10242	175	283	190	310	0

#LEVEL UP
10431	224	0	239	15	30
10432	240	0	255	15	30
10433	192	0	207	15	30
10434	208	0	223	15	30

#LEVEL DOWN - NONE

#IDLE SHELL RIGHT & LEFT
10481	331	322	344	349	0
10482	61	322	74	349	0

#WALK SHELL RIGHT
10491	355	322	370	349	0
10492	380	322	395	349	0

#WALK SHELL LEFT
10501	35	322	50	349	0
10502	12	322	27	349	0

#TURN SHELL
10511	375	282	390	309	0

#KICK SHELL RIGHT & LEFT
10521	251	282	272	309	0
10522	133	282	154	309	0

#----------------------------- RACCOON ------------------------------
#IDLE RIGHT & LEFT
10251	211	443	232	470	0
10252	173	443	194	470	0

#WALK RIGHT
10261	211	443	232	470	0
10262	262	443	283	470	0
10263	290	443	313	470	0

#WALK LEFT
10271	173	443	194	470	0
10272	122	443	143	470	0
10273	92	443	115	470	0

#RUN RIGHT (10261 - 10263)

#RUN LEFT (10271 - 10273)

#RUN MAX SPEED RIGHT
10301	211	523	234	550	0
10302	251	523	274	550	0
10303	291	523	314	550	0

#RUN MAX SPEED LEFT
10311	171	523	194	550	0
10312	131	523	154	550	0
10313	91	523	114	550	0

#JUMP RIGHT & LEFT
10321	330	443	353	470	0
10322	52	443	75	470	0

#FALL RIGHT & LEFT
10331	210	603	233	630	0
10332	172	603	195	630	0

#QUACK TAIL RIGHT
10341	252	603	273	630	0
10342	290	443	313	470	0
10343	210	603	233	630	0

#QUACK TAIL LEFT
10351	132	603	153	630	0
10352	92	443	115	470	0
10353	172	603	195	630	0

#JUMP MAX SPEED RIGHT & LEFT
10361	291	603	314	630	0
10362	91	603	114	630	0

#FALL MAX SPEED RIGHT & LEFT
10371	331	603	354	630	0
10372	51	603	74	630	0

#FLY RIGHT
10381	291	693	314	630	0
10382	371	603	394	630	0
10383	331	603	354	630	0

#FLY LEFT
10391	91	603	114	630	0
10392	11	603	34	630	0
10393	51	603	74	630	0

#SIT RIGHT & LEFT
10401	372	438	393	465	0
10402	12	438	33	465	0

#BRAKE RIGHT & LEFT
10411	215	482	230	511	0
10412	175	482	190	511	0

#LEVEL DOWN

#IDLE SHELL RIGHT & LEFT
10531	321	523	342	550	0
10532	63	523	84	550	0

#WALK SHELL RIGHT
10541	351	523	372	550	0
10542	380	523	403	550	0

#WALK SHELL LEFT
10551	33	523	54	550	0
10552	2	523	25	550	0

#TURN SHELL
10561	355	483	370	510	0

#KICK SHELL RIGHT & LEFT
10571	247	483	268	510	0
10572	137	483	158	510	0

# ani_id	sprite1_id	time1	sprite2_id	time2	...
[ANIMATIONS]
#----------------------------- SMALL ------------------------------
#IDLE RIGHT & LEFT
10011	10011	100
10012	10012	100

#WALK RIGHT & LEFT
10041	10041	75	10042	75
10051	10051	75	10052	75

#WALK HOLD SHELL RIGHT & LEFT

#RUNN RIGHT & LEFT
10071	10041	40	10042	40
10081	10051	40	10052	40

#MAX RUN RIGHT & LEFT
10101	10101	40	10102	40
10111	10111	40	10112	40

#JUMP RIGHT & LEFT
10021	10021	100
10022	10022	100

#JUMP MAX SPEED RIGHT & LEFT
10091	10091	100
10092	10092	100

#SIT RIGHT & LEFT 

#BRAKE RIGHT & LEFT
10061	10061	100
10062	10062	100 

#DIE
10031	10031	100

#LEVEL UP RIGHT & LEFT
10421	10421	100	10011	100	10421	100	10011	100	10421	100	10011	100	10421	100	10121	100	10421	100	10121	100	10421	100

10422	10422	100	10012	100	10422	100	10012	100	10422	100	10012	100	10422	100	10122	100	10422	100	10122	100	10422	100

#IDLE SHELL RIGHT & LEFT
10461	10441	100
10462	10442	100

#WALK SHELL RIGHT & LEFT
10471	10441	100	10451	100
10472	10442	100	10452	100

#RUN SHELL RIGHT & LEFT
10481	10441	40	10451	40
10482	10442	40	10452	40

#MAX RUN SHELL RIGHT & LEFT
10491	10441	30	10451	30
10492	10442	30	10452	30

#JUMP SHELL RIGHT & LEFT
10501	10451	100
10502	10452	100

#KICK SHELL RIGHT & LEFT
10511	10471	100
10512	10472	100

#TURN SHELL
10521	10461	100

#----------------------------- BIG ------------------------------

#IDLE RIGHT & LEFT
10121	10121	100
10122	10122	100

#WALK RIGHT & LEFT
10131	10131	100	10132	100	10133	100	10132	100
10141	10141	100	10142	100	10143	100	10142	100

#RUN RIGHT & LEFT
10151	10131	40	10132	40	10133	40	10132	40
10161	10141	40	10142	40	10143	40	10142	40

#RUN MAX SPEED RIGHT & LEFT
10171	10171	30	10172	30	10173	30	10172	30
10181	10181	30	10182	30	10183	30	10182	30

#BRAKE RIGHT & LEFT
10241	10241	100
10242	10242	100

#JUMP RIGHT & LEFT
10191	10191	100
10192	10192	100

#JUMP MAX SPEED RIGHT & LEFT
10201	10201	100
10202	10202	100

#FALL RIGHT & LEFT
10211	10133	100
10221	10143	100

#SIT RIGHT & LEFT
10231	10231	100
10232	10232	100

#LEVEL UP
10431	10431	100	10432	100	10433	100	10434	100	10431	100	10432	100

#LEVEL DOWN RIGHT & LEFT
10441	10421	100	10121	100	10421	100	10121	100	10421	100	10011	100	10421	100	10011	100	10421	100	10011	100	10421	100

10442	10422	100	10122	100	10422	100	10122	100	10422	100	10012	100	10422	100	10012	100	10422	100	10012	100	10422	100

#IDLE SHELL RIGHT & LEFT
10531	10481	100
10532	10482	100

#WALK SHELL RIGHT & LEFT
10541	10481	100	10491	100	10492	100	10491	100
10542	10482	100	10501	100	10502	100	10501	100

#RUN SHELL RIGHT & LEFT
10551	10481	40	10491	40	10492	40	10491	40
10552	10482	40	10501	40	10502	40	10501	40

#MAX RUN SHELL RIGHT & LEFT
10561	10481	30	10491	30	10492	30	10491	30
10562	10482	30	10501	30	10502	30	10501	30

#JUMP SHELL RIGHT & LEFT
10571	10492	100
10572	10502	100

#KICK SHELL RIGHT & LEFT
10581	10521	100
10582	10522	100

#TURN SHELL
10591	10511	100

#----------------------------- RACCOON ------------------------------

#IDLE RIGHT & LEFT
10251	10251	100
10252	10252	100

#WALK RIGHT & LEFT
10261	10261	100	10262	100	10263	100	10262	100
10271	10271	100	10272	100	10273	100	10272	100

#RUN RIGHT & LEFT
10281	10261	40	10262	40	10263	40	10262	40
10291	10271	40	10272	40	10273	40	10272	40

#RUN MAX SPEED RIGHT & LEFT
10301	10301	30	10302	30	10303	30	10302	30
10311	10311	30	10312	30	10313	30	10312	30

#JUMP RIGHT & LEFT
10321	10321	100
10322	10322	100

#FALL RIGHT & LEFT
10331	10331	100
10332	10332	100

#QUACK TAIL RIGHT & LEFT
10341	10341	100	10342	100	10343	100
10351	10351	100	10352	100	10353	100

#JUMP MAX SPEED RIGHT & LEFT
10361	10361	100
10362	10362	100

#FALL MAX SPEED RIGHT & LEFT
10371	10371	100
10372	10372	100

#FLY RIGHT & LEFT
10381	10381	100	10382	100	10383	100
10391	10391	100	10392	100	10393	100

#SIT RIGHT & LEFT
10401	10401	100
10402	10402	100

#BRAKE RIGHT & LEFT
10411	10411	100
10412	10412	100

#LEVEL DOWN
10451	10431	100	10432	100	10433	100	10434	100	10431	100	10432	100

#IDLE SHELL RIGHT & LEFT
10601	10531	100
10602	10532	100

#WALK SHELL RIGHT & LEFT
10611	10531	100	10541	100	10542	100	10541	100
10612	10532	100	10551	100	10552	100	10551	100

#RUN SHELL RIGHT & LEFT
10621	10531	40	10541	40	10542	40	10541	40
10622	10532	40	10551	40	10552	40	10551	40

#MAX RUN SHELL RIGHT & LEFT
10631	10531	30	10541	30	10542	30	10541	30
10632	10532	30	10551	30	10552	30	10551	30

#JUMP SHELL RIGHT & LEFT
10641	10542	100
10642	10552	100

#KICK SHELL RIGHT & LEFT
10651	10571	100
10652	10572	100

#TURN SHELL
10661	10561	100