# id	left	top	right	bottom	texture_id
[SPRITES]
----------NORMAL PIRANHA PLANT----------
#GREEN
50011	0	144	15	175	30
50012	16	144	31	175	30

#RED
50021	96	144	111	175	30
50022	112	144	127	175	30

----------FIRE PIRANHA PLANT---------
#GREEN
#TOP LEFT
50031	64	144	79	175	30
50032	80	144	95	175	30

#BOTTOM LEFT
50041	32	144	47	175	30
50042	48	144	63	175	30

#TOP RIGHT
50051	64	208	79	239	30
50052	80	208	95	239	30

#BOTTOM RIGHT
50061	64	176	79	207	30
50062	80	176	95	207	30

#RED
#TOP LEFT
50071	160	144	175	175	30
50072	176	144	191	175	30

#BOTTOM LEFT
50081	128	144	143	175	30
50082	144	144	159	175	30

#TOP RIGHT
50091	160	208	175	239	30
50092	176	208	191	239	30

BOTTOM RIGHT
50101	96	208	111	239	30
50102	112	208	127	239	30

# ani_id	sprite1_id	time1	sprite2_id	time2	...
[ANIMATIONS]
----------NORMAL PIRANHA PLANT----------
#GREEN
50011	50011	100	50012	100
#RED
50021	50021	100	50022	100

----------FIRE PIRANHA PLANT----------
#GREEN
#TOP LEFT
50031	50031	100
50032	50032	100	50032	100

#BOTTOM LEFT
50041	50041	100
50042	50041	100	50042	100

#TOP RIGHT
50051	50051	100
50052	50051	100	50052	100

#BOTTOM RIGHT
50061	50061	100
50062	50061	100	50062	100

#RED
#TOP LEFT
50071	50071	100
50072	50071	100	50072	100

#BOTTOM LEFT
50081	50081	100
50082	50081	100	50082	100

#TOP RIGHT
50091	50091	100
50092	50091	100	50092	100

#BOTTOM RIGHT
50101	50101	100
50102	50101	100	50102	100